CONFIG hist_nvfp4 path /mnt/vm_8tb/github/b70_ai_things/models/files/qwen3.8-27b/nvfp4-radixark/model-00001-of-00003.safetensors
n_tensors 1043 u8_tensors 73
ffn_u8_in_shard 73
pick model.language_model.layers.0.mlp.down_proj.weight dtype U8 shape [5120, 8704] bytes 44564480 nibbles 89128960 overflow_pm 247 ov_frac 0.2473
hist 3075101 6034816 5717090 5223530 6755930 6743034 6069896 4948758 3071931 6035706 5716204 5224979 6750723 6741010 6072818 4947434
frac 0.0345 0.0677 0.0641 0.0586 0.0758 0.0757 0.0681 0.0555 0.0345 0.0677 0.0641 0.0586 0.0757 0.0756 0.0681 0.0555
pick model.language_model.layers.0.mlp.gate_proj.weight dtype U8 shape [17408, 2560] bytes 44564480 nibbles 89128960 overflow_pm 251 ov_frac 0.2505
hist 3049994 5985015 5691645 5158072 6789782 6727371 6185822 4988440 3050695 5979716 5694994 5160633 6784532 6726320 6170529 4985400
frac 0.0342 0.0672 0.0639 0.0579 0.0762 0.0755 0.0694 0.0560 0.0342 0.0671 0.0639 0.0579 0.0761 0.0755 0.0692 0.0559
pick model.language_model.layers.0.mlp.up_proj.weight dtype U8 shape [17408, 2560] bytes 44564480 nibbles 89128960 overflow_pm 250 ov_frac 0.2505
hist 3047183 5983274 5697645 5164748 6790533 6724875 6176255 4987755 3049030 5980148 5693100 5166225 6788619 6718211 6175551 4985808
frac 0.0342 0.0671 0.0639 0.0579 0.0762 0.0755 0.0693 0.0560 0.0342 0.0671 0.0639 0.0580 0.0762 0.0754 0.0693 0.0559
pick model.language_model.layers.1.mlp.down_proj.weight dtype U8 shape [5120, 8704] bytes 44564480 nibbles 89128960 overflow_pm 246 ov_frac 0.2464
hist 3089905 6061127 5730726 5240289 6722875 6734493 6026793 4954820 3093496 6065720 5729666 5239743 6721588 6736221 6028931 4952567
frac 0.0347 0.0680 0.0643 0.0588 0.0754 0.0756 0.0676 0.0556 0.0347 0.0681 0.0643 0.0588 0.0754 0.0756 0.0676 0.0556
pick model.language_model.layers.1.mlp.gate_proj.weight dtype U8 shape [17408, 2560] bytes 44564480 nibbles 89128960 overflow_pm 249 ov_frac 0.2485
hist 3058296 6002417 5696228 5213732 6759397 6776248 6132841 4967984 3053600 6008485 5693234 5204805 6749306 6760650 6110219 4941518
frac 0.0343 0.0673 0.0639 0.0585 0.0758 0.0760 0.0688 0.0557 0.0343 0.0674 0.0639 0.0584 0.0757 0.0759 0.0686 0.0554
pick model.language_model.layers.1.mlp.up_proj.weight dtype U8 shape [17408, 2560] bytes 44564480 nibbles 89128960 overflow_pm 248 ov_frac 0.2481
hist 3060755 6013953 5702945 5216083 6755433 6758608 6103200 4953958 3059534 6013676 5700872 5216714 6753600 6762081 6107968 4949580
frac 0.0343 0.0675 0.0640 0.0585 0.0758 0.0758 0.0685 0.0556 0.0343 0.0675 0.0640 0.0585 0.0758 0.0759 0.0685 0.0555
pick model.language_model.layers.10.mlp.down_proj.weight dtype U8 shape [5120, 8704] bytes 44564480 nibbles 89128960 overflow_pm 248 ov_frac 0.2479
hist 3065426 6020816 5709773 5223778 6742206 6754787 6082777 4962195 3069309 6016799 5710792 5224223 6742798 6754909 6082912 4965460
frac 0.0344 0.0676 0.0641 0.0586 0.0756 0.0758 0.0682 0.0557 0.0344 0.0675 0.0641 0.0586 0.0757 0.0758 0.0682 0.0557
pick model.language_model.layers.10.mlp.gate_proj.weight dtype U8 shape [17408, 2560] bytes 44564480 nibbles 89128960 overflow_pm 249 ov_frac 0.2486
hist 3058989 6002651 5698968 5207962 6749490 6756769 6109703 4968506 3056609 6005209 5701425 5211817 6759322 6760195 6111642 4969703
frac 0.0343 0.0673 0.0639 0.0584 0.0757 0.0758 0.0685 0.0557 0.0343 0.0674 0.0640 0.0585 0.0758 0.0758 0.0686 0.0558
DONE
